7508
21302
27796
18806
3583
4652
9525
19260
16022
29193
11791
4219
8032
32010
17980
6307
165
8282
23121
10028
21854
18012
4011
11437
11969
11403
16036
741
5298
17094
15351
32541
4814
2290
32394
13695
14512
19421
12744
13714
26731
2730
192
23934
23568
10281
29691
28419
21618
19430
28021
14795
775
17201
19595
19022
22233
2726
27227
20036
22900
25100
22683
16568
29658
31727
16057
3609
19906
31418
4633
6292
6454
3137
24469
14004
17129
5241
1229
25393
14760
18838
29176
16290
16181
17842
17413
5066
28958
24302
14338
5373
2651
6540
17868
24998
7664
22242
17567
5864
17208
4682
30405
15146
17786
25185
965
14772
5400
29728
10003
2070
24760
17197
15603
258
3536
17095
21832
32667
9615
21899
13670
19899
6905
6960
7964
9897
12206
904
23211
5801
20598
5781
27915
4291
11990
23198
23860
4202
3609
8421
11400
2906
27105
7151
7623
13199
8705
18162
8829
17400
26450
20416
25636
20080
13016
3017
1621
11265
28947
9857
18671
22569
32547
30927
25609
1589
14443
12855
24729
19610
7423
3351
20919
6168
8300
22869
29612
14222
10427
9774
28431
7704
26838
16980
29523
19020
32598
13539
28805
27936
25068
12115
29967
16561
7763
3161
3761
13286
5879
13697
17634
5398
31826
22769
20760
448
19820
168
23368
27053
15272
17689
17552
27489
19448
16710
21237
958
23256
8460
30665
31026
2677
11365
20474
10327
4690
5113
32305
2625
8725
3697
1096
12395
23163
15385
31084
29248
26547
9679
1618
31947
32144
18108
1402
28429
29959
15817
10952
21655
6464
3552
23352
2340
17038
12922
8545
1986
19629
20346
21473
8320
3486
30354
23168
23820
8777
14476
25702
25052
1223
12801
8826
11794
19226
3950
1197
18235
32492
11309
25704
23200
27872
5187
5282
6929
5163
29945
21649
18440
25374
12408
941
15294
30913
21010
14651
32307
4985
32361
1461
11855
31877
11153
15578
27105
3480
30395
14891
14110
30142
21747
9405
26700
15888
5715
8937
32554
28756
3663
28874
20931
6125
19645
3995
25462
11700
32466
27370
30318
23471
29806
2648
8243
7492
7870
25674
31254
19866
21903
12952
9313
6733
13168
7426
20206
21852
27982
2223
6846
22954
20261
30260
20603
4920
5682
26530
18782
32356
460
6229
20207
854
30276
25930
617
19004
7359
28797
25317
15830
18242
2313
983
8962
21352
11056
18357
5874
2065
28464
25739
27798
23600
18475
996
6603
14547
13448
13767
7320
1286
30328
28409
31380
29589
2716
26001
12434
27146
29802
20221
19187
17955
13837
8057
16893
14715
1956
24367
758
9146
454
13876
27826
14853
26878
24087
6211
14003
25056
10057
26222
15584
15196
13148
27597
10644
5071
2084
26175
8167
15315
22286
21089
7568
2639
13490
22191
19642
1368
17398
7848
7704
29643
10915
1854
30595
31798
6343
24927
24799
14906
11677
12043
20211
10186
31177
2566
4721
24377
13832
25925
27042
24771
4341
9872
1945
30021
8314
8301
32084
19671
6720
8281
20449
13933
1193
19982
7549
9801
17186
16346
14806
27077
16917
23138
21589
22298
21921
18059
29552
14353
9371
12457
7278
26194
21098
513
31781
10709
23261
22004
7453
19260
1663
19908
27912
7824
28863
27385
14813
9653
11008
13609
18226
2424
8092
20313
7629
11517
32479
1772
14482
22618
7828
26031
8951
175
21250
5109
27168
2288
16686
23254
20479
23353
20009
29220
23732
18179
26278
25937
22871
29101
10654
20510
10439
23600
5417
19497
25038
3541
22419
27838
18981
16490
3206
29300
12018
6374
26370
1846
2099
17451
8230
29385
30062
9586
30937
12194
13040
25429
9140
13141
8068
1705
15314
7829
18707
24192
12533
10539
14983
21172
10857
19361
5697
18818
28868
6616
25553
21825
28023
19675
29658
12716
31024
4940
20404
29628
1881
5480
24659
11885
16102
31492
30317
12662
30705
13251
6681
8896
17678
4913
24536
22384
12554
22774
10728
17198
6691
11373
1749
14018
9772
27095
5333
13287
6285
10104
6597
25713
14000
6744
8973
13392
24691
323
23841
24700
31703
30142
5380
21838
24518
16419
10046
17210
21382
15987
28054
24254
31969
10547
24712
7675
26218
9881
21003
18010
682
775
32720
20052
15355
7829
19211
9715
5035
14527
833
26670
31633
12526
27872
10451
3936
12558
5401
6901
32011
11681
15716
810
23249
19133
26600
28717
13158
15375
24539
9869
926
2447
1543
32210
17666
10707
7854
6235
23229
