30957
10540
3168
32625
23638
29563
797
20866
1939
16462
28626
5093
6224
27791
9760
2985
29442
28530
18620
2344
15431
2977
17066
623
28974
10906
5428
26322
4967
14267
18318
15409
24728
19807
15381
31892
10024
30214
29479
13620
9325
32524
1051
30891
25477
19153
2304
5577
22919
8987
11517
18557
18484
3611
18143
18254
26623
18977
4613
23608
29208
2579
18799
24727
15510
9443
7913
24498
12413
694
18819
32098
9821
2691
831
16141
32378
123
26293
21904
30901
17878
7349
18760
12482
27823
4792
15583
21213
4972
1058
12656
10818
105
9047
903
1584
28549
18569
1811
12273
18842
32327
8492
31229
27132
4761
12777
8681
17674
16558
7170
330
10668
25151
1115
5792
15211
400
5605
16951
8473
28197
31068
16966
18853
17727
18768
23050
6180
3375
24848
22131
4230
19358
25223
10558
15388
4322
27325
9512
15138
986
29319
6437
7269
8415
27662
29333
20373
14248
12706
1733
4313
12728
2965
457
12932
15016
19788
2044
3734
12452
21534
15360
30790
254
10415
28742
32036
15632
23552
9829
12719
21759
10672
23701
13396
4468
26929
22081
10846
15413
18227
29602
22619
8567
24001
20680
10930
19610
30
1001
27154
4587
1394
9156
8950
6652
16045
15010
14143
22321
28593
30294
22848
15990
28382
30150
28704
8602
20200
13144
32009
365
15159
29217
27908
19071
16772
26436
31893
2417
1330
5549
20990
31456
29620
17306
11176
31241
13984
16258
17799
30311
32385
14851
12926
1207
17210
10043
11811
12627
21146
18973
2003
32626
8520
3890
11383
28422
313
17623
23627
18704
29136
22511
27798
20293
27595
10878
3998
16189
11777
22638
26465
15919
8814
16069
10108
15791
8566
26262
27456
23745
16695
6852
12844
29522
15588
806
4409
32389
31081
29019
22554
7363
31174
6468
32166
5320
15878
21318
12719
27031
25014
5307
4704
15026
13078
5054
19903
11393
24665
15094
14019
32258
5122
6046
19492
29021
25576
5044
3099
26535
16546
23641
21615
23412
11662
3517
31868
7455
22380
12168
7494
27161
24246
23715
19
10627
16280
4613
20086
6604
1261
30558
17871
12805
30910
742
30986
19706
3374
22470
7038
9387
8168
22055
11946
1916
23942
3009
29525
15042
8235
7785
12045
25656
19450
11894
13969
16747
28695
16084
18813
18304
2550
25799
10399
24536
7400
26462
6980
23727
3418
4684
9462
27406
17374
25475
3620
20531
6047
25866
8475
29580
73
32336
17832
16223
8173
15665
14937
23722
8491
3710
27567
13290
5841
30082
4489
18000
2499
12696
24292
22229
7102
16676
17165
32502
27681
23515
32476
24315
29652
21015
21827
3553
9746
547
30520
12792
24976
11108
26332
7274
950
641
26970
8865
25356
24028
15256
5529
12915
23113
4175
21884
516
19691
21997
13086
109
9908
30091
14241
636
18742
9303
23518
23994
6602
4866
25785
15940
18227
6162
14613
27871
5172
16436
15309
21375
475
4670
19664
16868
22327
7093
23757
17551
1541
32413
14956
437
8564
24834
13583
2565
15290
28352
32195
6168
27868
5550
30497
25173
31823
29417
14634
24104
23436
31579
9026
12101
32158
15865
16854
2512
32216
25668
22220
9234
4033
23182
26733
30136
16125
18058
3811
13128
17965
25125
805
27387
458
11277
10473
11419
30243
11036
7312
29880
24877
32236
5794
22899
13342
12809
7551
20952
4858
6796
18006
14490
24051
13815
31557
31292
12563
2248
12286
27756
4653
31451
15524
4061
22648
15930
28549
20771
15285
6087
4872
19001
7166
5013
21799
21694
10957
20161
21872
30372
32683
9182
25464
486
855
4909
3636
15037
8411
32606
8325
24638
4422
20061
15606
16453
3697
7648
7916
5101
9298
10476
13119
32473
23034
19074
22189
23968
28901
25785
18786
17331
12904
2165
28163
9189
7259
8277
12231
17271
14819
8145
31147
22256
23023
25364
5258
23814
7502
14895
18122
30195
27106
25413
8398
14870
17959
3716
13629
17550
11439
4897
28830
9313
23881
20581
5162
14048
13652
21908
8031
16453
18304
11027
9416
11427
15281
1363
15567
18272
15480
14144
14066
17257
16718
8094
15322
19108
25485
4644
4788
30870
25260
20604
30470
30114
10893
13179
3561
22599
1764
381
16272
9236
16805
773
14518
20188
8720
32726
26288
9023
5232
11944
5414
55
29743
28940
32658
28454
10607
20926
17310
6988
15464
24230
25942
23211
29983
2372
6286
11412
26164
17900
8319
5334
18360
27968
2368
2174
6780
22542
19359
18003
12957
5962
24846
19139
26415
670
24801
10747
28236
931
16889
13829
21803
25158
9117
1164
22297
3914
22874
31886
10376
22573
8423
26436
27493
24424
27006
25209
9870
20847
23018
7685
5763
30919
5306
15240
20095
12684
14418
2881
30216
21718
29331
20963
22059
7815
3737
9908
10094
18042
5471
6459
26955
16999
26092
15563
19767
612
13804
27592
29353
13268
24001
28165
14260
28520
30704
3502
14289
21561
1727
25309
12481
2711
15832
16579
16130
29326
6490
19612
2959
28739
27519
28973
