31457
6456
20855
2592
30563
25798
7570
23233
25113
31503
25035
8531
2016
10803
11741
5472
19602
28978
5261
4260
5198
39
24516
22595
8422
31758
30614
7805
25260
27267
7410
4217
15854
16479
1955
8287
3095
1468
20548
17661
9178
21501
14784
19733
5983
147
7185
2855
10068
18441
17950
22226
16651
32336
1940
10673
1625
24760
1697
1417
16389
162
2932
19830
30483
25870
24910
19548
13966
29707
20527
31353
20787
1174
15847
21348
13083
19041
11994
23696
26830
9839
29540
9998
18964
23973
21382
16135
10034
4123
20901
28029
20544
11357
12574
16194
28734
29696
16602
22806
28449
22070
4487
2885
20918
29841
9733
32358
26088
13036
9964
5817
11016
15412
30028
25552
1471
29396
15358
24772
12842
19679
13878
17993
6784
2258
29707
18438
3463
10169
22675
21084
7479
10775
7020
27115
22724
20918
28278
6870
8865
29784
596
24365
11623
2442
21560
26714
19913
15538
16935
13364
13473
6625
14979
28427
31915
19194
11067
29639
7156
12228
25820
20754
19089
18174
17514
3218
12428
19056
14585
5986
30535
6516
29168
29465
17782
28704
19481
11393
29657
1963
29617
30305
17982
30203
24463
14970
9011
847
20070
5551
9742
1036
22769
15220
2346
20650
4041
14213
32047
17107
15473
5372
12131
26245
30048
8189
23016
11474
13112
14541
26042
7039
17442
6655
11029
9710
29853
25790
17185
8201
13379
474
23232
21878
27973
17746
24104
26242
18191
170
20213
15882
25773
30350
14403
29139
16765
25825
24803
24060
28130
2729
18120
30226
24125
30716
30850
16056
29566
16741
2753
20984
6740
24504
21822
14263
30106
19851
28949
32147
6454
2572
26004
17969
5422
31550
4367
31986
17485
7167
4377
15497
25170
26787
31498
30367
284
14346
25095
