18090
24553
15483
28402
32481
11993
30431
11123
2086
24255
1038
29920
25352
4312
925
15095
18362
30525
26212
7744
27002
26374
13479
32015
23095
6166
30124
21626
19138
13531
24006
14454
19521
26585
5994
22126
6374
10468
5997
6739
8075
17301
4528
13878
27286
21317
26797
28862
18366
29502
5482
31812
14582
31431
25732
7173
13972
9268
26164
26193
2590
22330
23451
15885
6199
11506
21614
8274
17113
31390
2963
16036
23501
21195
28378
27829
28842
27227
30696
25484
31852
26134
12805
21387
22956
5738
27636
12970
21527
24412
6371
15756
19621
7451
19565
29916
26336
25483
11370
8814
4249
9064
9854
27918
32398
31696
30024
2462
27010
15972
23656
19219
24433
7962
12441
27385
29320
5636
10727
5065
21389
25040
27157
20753
3321
4287
17490
13332
11922
30115
6693
1707
19115
9036
30737
2992
213
24926
18027
22968
23820
2412
27009
5847
22249
8140
6275
13002
22933
32707
19474
28284
14753
29128
13716
5871
7388
19587
7400
16570
31084
29542
31897
9364
32705
19165
24364
32750
12018
2571
26493
9041
16764
14235
22438
13871
6271
2488
3365
9385
1266
22290
4075
12824
15381
17282
16360
30385
22034
3072
32373
14026
6403
7439
25479
17753
30234
698
7289
12233
4130
8656
6718
1690
14076
24888
28856
3931
22504
28636
18247
27940
11406
18650
14331
25812
31915
24632
15532
18174
13456
27226
12807
31600
3185
3435
25730
2796
13917
13438
25953
22175
16623
23798
26396
4818
32167
25217
2038
12497
24675
3916
12460
16612
29598
4831
26831
29167
4718
23908
13591
1257
30376
30902
10666
6527
4080
18218
636
27202
13754
4244
22529
4550
4532
15920
30794
19582
31813
4754
12836
10461
2125
8546
4177
18147
26501
8484
3790
26335
24976
1555
14360
1624
16340
24378
8767
7607
18466
30519
11642
12992
2138
23238
3142
1442
30543
597
9626
6918
24546
9889
2877
24963
1404
3801
25444
22504
5355
25257
11018
26906
15931
21508
18551
2411
21956
27178
22141
12402
4112
27103
7388
3944
32687
26857
19280
3874
23511
16093
9768
12254
1096
19101
16435
15343
30349
9487
18213
16485
32727
8335
3262
4287
19849
1748
8211
18690
17380
27830
23065
11739
21616
27953
8089
23369
14766
9954
24216
28770
22309
22594
29672
32322
25830
26670
30480
26280
24462
21449
6732
5283
9394
5673
15878
20810
6804
22709
6035
7461
14933
29808
12330
4888
27681
9712
25596
3117
1021
7597
30251
906
3954
5963
30881
5236
4640
25128
18564
528
17796
30506
2957
18359
28243
21910
29974
28852
9523
23851
13683
29572
24712
19203
23692
24555
11603
25335
3841
15984
18715
7084
29464
21940
29068
10208
20209
27741
783
27728
2584
31560
28564
20592
32230
22711
18421
15572
19578
2874
6339
20796
26902
23118
6752
8392
17644
18649
31998
3499
19057
25797
15473
14330
6780
21244
18008
22999
865
377
12490
7021
32248
1751
21881
22895
24007
14341
29337
15092
5581
12229
15946
29955
7534
30158
18519
25848
3051
6613
21552
4273
14282
5300
20028
20526
18278
20338
21637
1383
462
20184
14171
13350
32121
10799
12359
8847
1998
17838
8542
18199
23554
32743
17383
14353
15087
2880
18310
31781
733
29339
22730
29969
24123
27749
27653
12202
3896
323
1483
16252
13369
15553
11287
23467
12070
8623
5948
26331
11321
4856
287
8633
19300
13079
24113
17440
26974
7860
27129
6622
18734
26490
20767
21945
22678
28403
9944
2153
20232
23276
23354
26302
6159
31769
13472
22502
1287
5309
28777
3851
13897
27135
7452
16400
20217
18870
3052
4916
25432
11241
31360
5002
31279
22713
25139
1116
1524
27463
26825
30265
7937
21617
2335
19568
30827
1130
15340
18202
27592
15820
28121
10554
14001
22382
24535
5104
5993
4197
10031
20656
18576
19089
27815
12903
26829
25570
10732
21778
15169
15313
3880
1722
25314
15874
1400
13409
13646
16357
27440
6689
17556
3486
21543
10761
32675
13927
25021
25513
4467
4814
11320
20731
22183
18037
24626
20690
27577
6915
18314
3830
30766
14631
19166
21702
2381
24994
13412
27144
4057
12450
29051
10670
1073
20307
26616
23443
31780
12080
232
7145
27871
25643
11324
21387
18650
14388
3805
28635
24113
222
7092
21912
4090
30712
16926
14398
30831
2306
25242
16314
20355
6597
25481
15626
29185
19403
25320
10458
26996
6539
14110
18773
10584
15212
26873
14695
22521
5714
31484
25285
18445
4519
15862
5834
3042
1605
4316
9853
19935
27608
30525
26822
31480
9219
1371
31687
31270
10637
3406
20760
8993
28447
28130
1251
5465
21065
16698
30561
32093
16620
4030
24976
15231
3319
24121
26512
5447
16488
4993
23650
14687
16833
10963
9516
30697
13954
10984
21053
26637
23580
5581
1242
21218
9437
22707
2243
9702
25411
22048
15103
17218
30100
24404
8511
13817
14485
19168
18647
10391
13179
22542
13925
8013
20857
28232
27408
29150
21011
32059
1624
1671
26588
8277
26840
15009
1640
26756
31089
6425
8972
3529
21644
545
4614
24474
4448
13971
28906
16646
7587
19192
13633
23664
7609
17667
18555
17974
29915
20451
24086
29786
19810
9566
7202
18629
6939
28808
23881
9193
16296
12093
2024
21811
30032
23144
28067
16339
12582
18469
6463
2817
9378
20073
13131
23681
120
23129
12974
21208
5957
