2656
24633
18061
17310
2837
8988
24399
2281
4821
25656
7536
8280
8737
31814
22295
20383
27492
6607
21298
1157
23684
8058
26353
23021
13632
27036
4143
27981
3762
20544
5029
21227
26045
26174
1690
14847
20308
3676
18352
30913
17751
9796
22469
5269
23000
32153
18221
6620
287
16307
23675
24910
16469
18069
29951
12051
15006
19079
31511
4253
6555
718
10166
17419
32579
24193
29515
3569
1522
23918
1918
8369
12625
11404
15407
9731
2353
20174
28514
19188
8883
17031
8810
22687
30826
18787
28049
30691
15822
28473
1386
8859
4703
2714
24610
24309
703
3645
9388
11074
9235
17358
27010
12913
10024
1614
12273
25495
27413
25031
7053
5133
26864
6750
17325
2590
29643
26078
28211
21610
13756
9566
14831
3693
18302
6373
7146
20894
10492
9069
18081
22215
293
17873
6956
19088
14105
29165
18739
5428
23148
32085
30074
29415
9170
9971
10550
1876
12436
15396
9194
31764
11715
14348
10675
4095
22916
26090
17828
32163
17728
12834
5909
4112
9556
13157
29634
5128
17105
21271
8680
22788
23340
22344
1343
28070
27702
30302
4677
17043
31846
18599
24621
1862
4521
17338
22577
22370
14686
27328
10229
23793
1619
15350
8750
8850
16798
29108
1142
9560
22283
27827
15807
26392
11784
32207
2329
6920
29585
5389
27717
31161
23889
14788
24379
15101
19026
12811
11674
22403
14504
31576
18778
28422
17695
29044
10347
21071
26725
32327
26235
17093
13671
22008
19296
13894
686
9205
19591
16237
2888
21879
1775
8371
11091
4914
2546
6835
24564
13857
4543
19509
12677
18200
9661
23895
8842
2659
20002
4731
31385
24091
4828
6885
15726
16987
17764
28418
14006
4166
29423
23159
7972
8025
9809
19036
9632
11605
12587
3617
3311
2918
621
25592
25794
10472
16548
24495
11076
29283
10278
31188
20988
21987
31850
21788
31914
31724
2620
11180
31753
29899
6390
24722
1847
17241
20337
20611
31738
5170
15990
11295
2188
23125
8789
22835
11737
29449
4650
6809
18205
20994
8607
29228
21689
23046
21545
28297
8838
24791
7943
29362
7230
7607
8564
15491
30592
20879
1038
8287
24687
16973
2905
17051
19927
6961
17463
19205
5773
10915
20702
5108
19928
29100
5710
18760
397
5594
14511
25848
6393
8159
18207
18219
1892
15364
15862
9431
5654
13552
10636
18144
1085
29211
23411
15801
32705
6314
13505
27621
26176
8742
19965
30998
9737
5636
7618
2370
21772
13679
12226
5982
7760
8085
5727
28380
2513
31267
4679
4262
9594
18373
20912
14400
2807
17498
18934
15168
15310
15348
4635
14083
21919
32232
7995
14626
18017
4933
14235
31071
12454
11581
1316
7278
481
15477
31454
2267
5548
5295
6088
1240
15489
4158
9456
10251
18017
13888
20063
27391
23303
752
5845
26320
650
20030
27747
19772
12653
19757
26272
6795
15510
8666
19413
17153
1156
11272
12326
31842
21002
1770
26702
32064
21108
2854
16813
15010
26672
28474
5911
32508
7355
14894
25116
28866
6294
29931
13911
22292
20804
26772
14740
25172
6299
24158
17572
11323
8954
910
5335
21738
14301
9953
11414
12921
28076
16525
22378
22126
15453
