23062
21532
21344
24214
1565
21018
23352
21403
11016
28483
25064
24096
1409
28413
13790
21730
28077
24666
30019
3097
7999
22745
3200
20433
10675
26254
22819
7339
6389
19417
11705
6289
30816
26576
1658
32436
26305
30034
6516
29845
23786
6834
814
8456
28161
3629
25678
17233
10165
21069
28965
27410
15922
10613
4201
32106
25111
20069
9378
5774
1690
15007
28727
18218
6693
18473
10996
16811
29159
13629
20264
18764
28826
26431
21044
28953
13064
531
26858
22639
15054
30705
3376
27007
15762
32707
335
3795
1375
16257
13092
9527
24410
346
18370
21611
32457
30641
18256
16684
21927
17275
10877
29938
24074
27406
20467
31046
9788
12384
11819
21829
16060
16079
13420
32631
29607
24529
29479
18489
23525
2109
23886
4588
25415
7496
22131
5032
26846
3988
6133
29005
1180
3515
26796
6979
20288
10580
8631
11465
15075
19022
29465
28801
10630
4812
27803
2911
10572
13903
6797
17237
4086
16620
31207
16504
24802
29674
3506
176
8376
3364
6553
20423
3344
14321
28259
30678
15959
29953
9819
7137
11095
25246
360
7905
25243
7143
23618
10834
11240
29693
14487
27582
32465
24304
3774
32656
27415
15863
27249
25883
32110
19399
15649
3923
22017
1650
25231
6012
29151
7990
11929
1777
14798
8793
8212
23193
2219
7278
19059
9634
5453
26566
23130
6010
7841
27775
5541
25156
30547
9715
10917
17370
9610
3212
28692
13685
5720
22164
22202
16967
9015
18167
23486
7849
11295
28547
19051
10081
22106
5844
9940
15412
8228
15887
9072
22560
26113
26149
16367
11628
27329
1909
7532
32208
29973
26638
8928
28684
31548
8575
6804
16160
19725
1381
2996
31019
10074
23342
32041
27903
9235
3508
15721
29322
16083
11651
17772
18688
20460
4567
11072
15422
14115
1771
26974
16339
16880
23428
29081
6711
14290
4486
10330
30264
29619
23287
10755
4890
3600
18819
794
4677
16453
4144
8063
32760
5648
6876
1236
10236
6239
20981
13249
24609
4140
16987
2067
7882
18867
12591
2619
8457
22636
20921
31940
3475
2433
31154
22168
16251
4158
31601
27993
10864
22569
6573
13207
15404
7653
24660
25771
25072
28511
2400
27978
9284
31850
31407
13714
8301
29177
26463
32245
4425
24545
27341
31020
735
25944
3260
25212
15321
11496
31497
11823
5935
29677
26321
13646
7701
12068
24181
26778
20084
28470
24822
32065
31550
17299
22318
8920
12300
19587
9110
8560
9190
8094
27354
6579
7653
18804
29841
19453
6285
20558
25871
7403
16123
14349
28146
26923
9842
15502
18685
22567
18580
16927
4998
334
23363
20908
28917
30957
5160
9158
31666
8303
3636
1706
19188
17655
22176
9269
28174
708
20914
22470
19882
16396
15020
31515
28937
11680
512
29593
111
10251
25169
29528
31775
28179
21532
9351
21090
14853
20789
23122
22941
3498
29514
23233
26310
24857
18666
5730
1702
30588
9106
20173
29352
10432
10072
3005
32380
12058
29814
6119
5116
17544
20557
23949
9108
24065
26129
30374
6753
19511
2870
27430
2251
20249
16331
3510
15168
15403
26707
32654
4329
28486
21188
27224
5634
13308
29083
25662
2717
2219
11894
13944
4401
10291
27310
7019
25364
11504
3813
19964
3198
27690
9082
29211
18006
15773
8646
4650
14693
20654
32483
15597
1684
24126
18572
23039
32213
31422
17435
5395
19506
21883
13002
14396
8228
30674
15422
23825
13427
28165
22395
16415
28867
22933
27071
2168
1824
11455
29846
26830
25954
28890
4924
21969
3051
10335
18769
1263
31875
17825
9042
25023
27527
5219
1839
4971
2722
31166
21722
2670
21982
460
27200
21075
1225
11123
10315
21644
7653
5477
2555
24396
20482
22115
20808
29122
17495
14459
17391
29533
3729
643
29436
1281
17229
17847
25876
7712
19287
3148
12546
560
17587
23939
20173
369
32147
2780
12338
25960
29557
25311
10261
10747
10127
6527
14956
31582
26835
19489
12514
7088
13952
5900
24055
26901
7726
15264
12242
16849
17363
26162
13981
30334
29409
19932
20696
3789
