10934
16996
993
3335
26515
10786
11708
7574
22895
7568
5934
1985
9002
20789
18764
13948
3661
675
2303
17809
21669
4192
25395
13980
14298
22155
9813
152
9798
32028
4095
5881
12072
12600
24334
22348
26922
7307
97
25405
29884
21279
4272
29507
24702
25284
29889
16715
23237
3888
14347
11450
14406
25667
1119
157
20901
1147
31207
3408
9043
32013
23199
2222
20250
17937
7200
23445
8564
6925
30241
17838
20546
6840
3807
15667
16661
1735
28934
32285
30196
11135
24405
28699
24662
3424
14892
12326
13797
28181
12102
17258
29082
14505
15434
10209
14246
31821
23067
19040
4001
17585
5570
22928
30993
23584
14764
10247
19596
4207
15946
10497
12835
5518
20884
14142
19395
29048
6394
12031
32285
2613
12111
13636
23804
19140
28726
30637
7873
28792
13082
5884
19208
32357
5645
18511
29701
25203
29424
25463
24504
22319
27545
30750
28941
14143
28828
24359
19184
17699
16632
24591
17966
7209
14692
20635
7887
8325
10846
9780
6394
7458
8298
4422
5634
29161
14117
22638
26532
25510
18619
23433
10298
28090
24312
15527
