28133
24163
9986
24961
20587
16307
22614
26033
14778
21777
742
7045
7948
19703
25994
3670
8447
2684
18997
29281
10727
11963
22877
25376
15142
28665
23726
16321
30909
14239
11766
19757
16712
19075
10553
18472
7618
25862
3958
23901
1934
11518
15268
6326
28981
21832
9677
27656
12777
22046
26573
10945
12918
27044
28779
27985
14054
2956
27308
7443
27845
12918
9146
30019
27746
19406
28416
9596
12214
31900
18635
20052
3426
13442
15508
10672
22739
23180
6340
25810
1591
31151
25487
5832
20809
32334
26028
30138
22193
10411
3156
28118
12837
6025
27318
31362
13369
15756
16697
6156
31805
22981
24184
15889
29141
19339
11000
6873
28996
17559
14369
24092
28296
21291
1531
32561
11736
24764
15418
13188
24446
25816
4707
8230
2833
6768
19052
16792
12385
31309
11968
3649
27386
2407
1941
10737
12406
16676
13827
23139
20867
26620
3867
6966
2511
4172
30425
13219
3250
13013
6000
15646
17130
22931
8441
25522
30690
29182
16217
8957
17634
30321
22155
7433
24321
11068
29917
28889
5074
1725
31098
2626
8211
23217
21624
21359
21759
17631
20929
7664
506
3312
84
21633
14580
23298
6360
27554
8934
22133
24261
5375
31714
10047
16093
12113
15197
23442
16904
32016
21417
30242
16532
14835
26642
17739
2580
28689
9636
15028
16327
21822
492
11559
1016
7729
25493
5014
30840
22814
2180
28004
10702
6675
12478
1045
27874
26878
4734
3917
15349
6436
21575
438
21639
16858
24850
352
31791
11764
11038
8290
17973
25367
29929
23995
13794
1800
7205
722
28471
21243
25249
12155
16070
30135
28132
4521
24806
29965
10884
29216
14303
23384
5475
2817
26058
22423
28704
26543
16562
29825
14376
29372
16038
9178
3929
12267
3149
16157
5516
22357
8382
11902
28089
14155
32559
1897
2365
20818
4679
11937
24578
18141
13727
8159
14331
25498
28486
12979
4723
27082
32094
30796
343
31219
6581
24156
25385
2056
11918
19152
2547
32548
14991
4983
22318
12527
10958
10972
6676
6183
3067
9809
6901
6440
18067
18890
20016
23202
31229
4998
17584
6549
15438
3899
29786
6212
15291
8496
1622
3622
19962
6179
32522
31960
5630
13869
27952
5452
11050
15252
27997
30548
25280
4673
31925
11859
32276
27278
1247
29515
5614
32354
24779
3190
11932
2783
30463
31189
29900
6688
17601
20534
13346
11411
20931
9469
20150
12213
8288
30405
20831
3667
817
7247
19
11399
30704
30066
23601
30384
29476
17990
25194
29333
13056
17574
24250
15128
7799
18279
8007
7720
1302
5249
9058
14659
11240
29698
32295
25116
5601
29216
7752
3848
15205
29784
19787
30914
25879
29949
6307
27076
21541
9926
13245
31007
10252
30249
21059
32462
32728
12758
20519
9578
10368
15587
10906
14613
15337
3677
18819
16665
15471
12154
7900
18723
20414
11840
5584
20911
28577
13379
2670
11987
347
15482
17148
24288
24514
22858
29699
27203
15681
26197
12325
1713
26735
18584
8381
26692
8377
9868
1612
26913
32409
24692
2979
5439
19409
6150
13376
14477
17792
12268
3836
32096
6870
2649
10172
17920
17586
7513
7759
28447
30919
23411
18484
15733
29186
11741
325
12871
13095
27134
20034
5823
5856
1852
6825
18731
18333
16820
21849
18423
20832
4721
14112
8359
7567
12427
12209
16839
12182
21532
2292
31267
21499
21181
919
24881
26100
26134
20468
9172
25921
7567
26392
26434
5326
2577
17233
28861
5651
13539
24045
9666
5254
25054
20546
31531
158
23361
29104
8846
23239
13134
24577
30633
7261
9561
18359
9916
