23175
24475
1171
11892
1293
19412
18236
3436
2749
30254
32268
10576
3323
20019
18029
22906
8855
18357
12236
19774
27607
7031
60
17632
27648
5773
20176
22209
22980
29972
6339
12473
14995
4789
9622
11807
29528
8899
13939
11489
22164
30856
9244
8532
17889
10627
26041
2630
13876
16808
23964
15159
23592
15770
17459
22747
7994
7344
20163
31605
29075
1014
3529
2575
3777
31071
22536
8672
17282
21000
29131
19440
19714
14364
15608
9269
28971
17951
12980
28807
22556
13171
20531
10363
536
28204
8515
8242
8945
18443
15944
5778
13755
17126
13555
31199
1766
30386
27221
16478
32351
25223
10167
5320
32449
20226
31146
30806
28416
10142
31208
12120
6260
4547
30693
27693
21275
15932
5359
14785
24609
15151
14492
5134
28734
28068
31049
7009
9486
7740
3245
5705
22290
10672
9859
10892
11264
21631
2946
23767
8673
9852
14119
13587
19211
22642
4223
12309
31869
24661
18696
26152
13992
23283
31040
720
21795
30936
32388
15838
26176
24762
3190
16874
19811
15639
3425
20707
683
10755
4633
10489
16409
27066
11038
20573
1007
16504
30073
3956
23036
2718
20698
30123
16612
13039
21715
8372
4587
20632
7092
15798
837
24786
5272
27361
8361
20176
5831
7851
14868
13446
6552
29727
10387
14663
14187
28253
8712
24950
24000
2546
18437
27520
18263
18370
18980
1824
27066
7568
7025
29014
20058
6459
9236
24103
25284
10960
31260
17886
26493
4108
31457
2753
13888
22012
18680
23379
11175
5599
32634
11583
14700
22735
20034
113
7128
13534
17094
17428
8644
18671
12868
29152
17587
14450
32360
25959
21667
12322
12022
3467
7495
13832
4512
11919
13013
16314
7514
3370
24036
21516
15106
30028
20878
3821
30177
31551
10083
28965
17585
1180
23678
18232
26693
32482
18698
20520
12152
26685
12404
8297
23936
2840
25858
14773
23879
10346
25008
23463
7035
13650
6085
