26312
21564
21522
6200
21489
30983
2471
2247
21966
28123
27616
1374
6903
31748
20097
32039
30763
9863
23673
25072
30866
28047
22491
20971
21660
10691
25326
6341
8936
5075
6207
2780
30466
5946
21044
5604
15166
1668
27093
4980
37
4062
27372
20222
28502
4202
23219
1313
11141
5062
1602
18074
11508
18162
24072
27488
28566
4625
5156
3740
26844
20000
10958
7836
21931
14306
11251
6634
19051
8104
16548
7267
29135
19122
27115
9877
31693
15832
3338
4547
18634
4201
2497
25453
26213
26395
11626
22201
26460
29949
22608
25145
6453
24155
20251
3098
71
20544
31536
30634
1888
7557
26508
24122
29647
29771
1085
21613
21436
2605
2279
12367
13219
32470
10488
27266
4791
16092
9420
5930
25943
26246
14950
7893
22840
15602
5137
11803
8531
18874
8028
7435
14264
22640
28562
22995
25583
32532
17338
11250
2857
31531
10983
27487
18564
11188
28973
17988
2163
13451
24821
3599
9128
31096
20039
23218
22428
24924
23214
7851
7891
4739
23930
26693
6360
13213
21314
18424
3412
25109
7705
6836
8212
8897
8671
5462
19906
32235
17675
24254
6372
14107
20038
18607
18183
16294
2449
46
16002
21636
5060
18426
31678
18711
25840
17163
6352
19476
27724
22760
6909
6497
32182
24485
8237
29048
7068
11575
31109
24745
7488
17604
31074
14788
18726
32285
9764
27926
29044
13329
3368
7116
11436
8846
25947
31975
32472
4810
6294
27788
2432
890
24082
21761
31757
27770
10844
23404
7797
23461
23219
24553
2834
32514
25120
4031
26182
21111
27964
10454
31076
23868
30716
2099
29203
20395
2783
28022
12608
4389
7075
4218
10031
7580
17720
31165
12548
12620
11114
11726
24742
16682
25642
30857
16101
15508
9403
11261
12825
15342
2626
14903
31897
28018
12152
8010
22864
1125
5392
30657
24908
22857
7204
22065
21530
3609
29461
16435
14609
32409
3903
19398
20411
12663
8859
6609
6379
16104
1715
32749
26115
19164
547
31142
4426
14448
1034
1669
29898
4105
16029
13802
13435
4671
14196
24367
2991
26196
21057
14692
19479
19840
19409
29047
6894
22372
16025
8242
27038
12464
20712
354
13451
26693
9045
1375
10711
23935
29922
30433
22705
5436
30722
12565
31717
12007
10092
1028
29110
19060
30708
24970
15181
17513
7008
17207
17638
6905
20814
16358
25064
19233
12803
14805
6930
25635
13293
19591
4629
32686
1760
8375
4902
6044
25258
3717
19763
20009
11183
5798
19665
26383
29651
28889
8170
11134
16935
10248
31378
22479
12417
19933
23660
8521
11237
21683
10394
20973
17447
8382
25137
22528
10049
14901
14277
18155
7460
13014
23830
23482
26952
28390
9381
23461
7129
24651
12025
31175
23869
30711
28194
7052
6364
4011
10551
8180
7247
26059
22200
9966
32668
19014
12812
28382
15975
31846
27189
30220
4375
22667
8539
26720
4790
32032
22847
21437
11661
22104
31288
22559
18110
6462
22195
31759
28380
30149
18491
7908
21341
13383
7093
694
9102
6005
11923
5463
16479
2646
29218
26513
29133
14608
21450
26833
5959
11472
9944
2785
4603
9488
25983
18929
29948
926
29027
17522
11793
1433
19688
4132
19340
7520
4126
26571
31271
11768
12875
15219
13727
1223
4258
1916
23771
32402
15029
29690
5364
1183
17511
4614
20443
2477
7699
28067
10575
14851
4625
5890
6016
26540
12524
15289
21356
8284
11479
19299
11120
15022
1591
31388
7842
25174
31164
15215
21383
9351
1979
30771
19126
28451
13198
23785
812
19690
15649
25600
23012
10215
14459
23126
12521
23522
26945
17731
30392
18507
15374
23204
26305
20082
8269
30294
17862
27683
14650
2496
2143
32459
1133
13529
12240
11074
24882
30950
10320
25118
4123
16453
4244
21174
10169
11452
15965
25135
20769
11838
2633
15868
