20379
182
4906
31484
15428
19838
24725
26355
12044
10738
6525
14700
24265
4696
5015
31618
5137
24251
2867
474
1654
6489
21803
16490
24198
19927
30974
4565
11179
8549
24044
6457
18459
20557
10934
19358
12591
20709
23444
20031
32223
24206
13358
8415
14556
99
9554
23207
15268
669
1906
21983
1930
28039
14410
2720
3005
30698
8730
28509
28899
1520
14482
31738
12421
14088
10070
5766
595
13206
29921
14190
20557
2214
23308
27255
5647
7568
31463
5089
3835
22091
20548
17141
29491
4125
4748
13456
31192
30163
24863
19872
28249
30250
19896
10496
