2642
26557
6572
9173
18981
22593
25623
200
14857
12868
65
28356
10790
15481
6022
3702
15434
9350
379
2559
11951
5621
3902
19322
9956
14611
1979
27680
13537
2520
15235
15034
11780
7847
1080
4967
30560
18442
15200
27158
16204
5693
31828
6533
2702
31535
1695
15141
29327
32764
7980
17099
29591
17976
3521
24212
21090
11853
957
29479
3646
25099
9029
15612
16620
15379
20717
7763
3120
25160
3093
18073
6385
29889
10909
15340
15045
17503
21718
27841
26759
12138
30834
15536
68
4379
1331
28839
22371
32439
21941
19967
24271
26066
22962
16699
13615
10642
31078
11899
18238
515
6247
27467
19672
24531
15584
27488
2263
12196
29320
14058
2837
1982
13709
2286
1984
22214
21919
18740
12201
10593
29370
16372
31270
11073
1676
25502
7209
19561
14501
29849
2584
19510
3050
15239
15640
19024
2905
17907
7402
3236
2901
16149
18479
8450
9132
30188
16254
2068
7223
12029
32479
6522
21265
26465
16695
7522
25388
11842
22014
21026
10433
28410
10485
1361
26800
18164
25023
2019
10123
18899
27807
16635
8464
2731
16298
28702
26942
15444
6321
27064
29093
16854
17952
26254
16642
30256
15378
20867
32356
4459
22385
7021
9290
13968
20915
29194
10291
