19513
22653
3228
2739
438
21938
23537
26909
13445
18190
14912
8624
420
2552
13985
26855
253
12507
8620
6858
21999
17369
24235
17970
23571
28909
26041
17697
7522
3046
29224
19659
15986
32457
30013
5477
18393
4952
26165
5990
6604
30471
12956
8530
24365
10157
7566
24220
30048
4935
2583
11042
19971
21770
17916
13747
28959
16072
10014
22982
7839
1454
26524
13774
16106
15132
17574
8911
26280
31242
25334
6856
15836
11042
19179
214
15642
2161
5555
28855
29313
17157
30925
29829
1252
31153
11272
15492
30518
6706
23307
31203
8890
22833
3356
31994
29542
17609
3627
24090
7253
19819
3227
180
3990
25330
25819
27502
15459
9598
23202
2557
1601
23502
23395
17128
30657
15194
18609
20118
110
16425
11814
17357
16322
18577
13475
12183
27158
1530
18513
22149
16546
7001
23358
32153
3398
30260
17449
21627
9561
9433
19892
15643
17850
17194
13317
31317
24423
18805
22330
15996
694
28499
26979
21675
30767
24011
16
1418
7251
19430
28249
26139
8423
30916
23649
5699
29062
23208
17794
26103
16368
18576
31698
5494
31012
18565
2954
901
28554
29853
830
25170
3983
22060
9287
32120
7461
23281
11905
10634
905
9316
15566
16369
17536
23501
6977
8005
1938
16712
19034
1447
1339
29056
20447
17643
28354
15404
19700
10093
24779
11392
29419
29068
7117
9099
8835
13621
4924
15611
15117
18653
14328
23320
16137
32326
30085
1772
9515
28774
6262
10681
23643
20353
7687
2083
10405
8101
28112
12111
17700
21291
23455
8125
20985
10397
25449
10285
18521
11346
21548
24821
11437
12348
11654
30646
32008
559
28904
2806
4619
12453
18553
27575
3287
19805
4321
3215
17538
25904
25298
14545
2324
26222
30007
26371
19522
23133
12114
9276
10119
22705
24018
943
10079
536
21705
1716
10532
12244
14264
10778
27870
6761
27380
10478
13057
17929
1436
5106
16362
27389
27799
4119
4442
30246
31111
5907
23006
21947
24537
17383
22149
6262
810
4807
12333
22931
10106
32092
19429
1023
16945
31361
15835
23330
17283
12629
27863
9389
25519
22395
30092
30919
6599
26096
16568
8536
2811
2091
13590
1086
26132
28500
3328
18894
14316
27518
22345
16609
1503
11165
14064
2288
21240
23015
21834
16878
10291
29151
16674
27770
19390
14183
17767
31032
11792
8660
21096
12391
22014
22629
6881
19201
19119
2538
5305
16823
29738
29767
11541
12881
286
28796
6805
3318
30089
17509
8444
21734
30844
7896
20601
22988
19461
6647
30952
27402
22428
6277
4962
21380
9533
25953
32216
15164
3957
15318
11303
8238
10666
2851
21495
29753
17309
22854
14632
29435
22064
24632
28317
24040
27408
17008
14910
4546
9274
7273
4196
24287
24427
17773
1588
13045
5768
31151
10522
18882
16516
17224
1325
14387
25868
6396
32670
1347
9232
7187
27809
4049
19466
30452
10747
20792
21812
17840
20610
14816
31069
23651
17222
8691
20414
13760
12591
10691
1131
8451
27088
742
6305
9645
24052
18106
30883
14077
14762
14606
15503
1652
5423
10558
19781
24789
23789
20535
19367
26453
28063
7272
32458
13317
28824
16399
27607
3780
14211
19981
14965
15647
6465
18724
32285
4038
19694
31809
17679
29787
3412
30663
