21736
14242
14014
22861
17057
27517
15607
16988
27010
10151
16094
15817
27588
30168
3045
13275
23539
20857
7417
13579
3385
24483
32317
18624
5930
2950
13302
29114
14438
6063
19803
10311
7675
19888
15540
12252
14772
27781
17839
27739
12489
31572
19619
30019
10804
13086
31890
22681
6008
27625
8616
5888
12891
23851
3084
21281
16865
7531
21430
19786
10982
13460
4060
18853
12682
6733
32181
25656
10237
24297
407
32289
17966
9403
10512
11511
7539
9248
5904
9220
8501
24666
6268
3035
12397
25975
19827
8274
16834
12249
7512
15073
26685
5389
21227
22300
23329
24980
18147
3176
27706
12496
23825
18728
23098
6964
15905
16734
8969
22695
31803
26558
6454
9697
5651
12600
3286
6876
17987
22768
19318
19240
7794
29670
5842
5123
23217
14754
14136
32056
4952
27386
72
20188
15565
4510
4330
22127
31524
11423
15397
28544
20078
11944
3725
25406
29373
28914
351
9351
25331
11330
21069
28504
31381
14839
19153
29567
17851
30557
14898
27290
13904
5865
18350
24475
25531
8114
483
182
15340
17038
10153
18021
2105
17182
11259
23183
18296
26942
19340
14115
11190
23243
21675
9112
11907
23769
11420
12328
22340
31262
6567
24045
4731
30053
27469
3460
2261
21348
4604
15223
8620
3675
31291
6068
32636
11135
32126
17248
21342
24481
13693
13962
27687
8424
27890
30463
3912
9257
6694
30055
1284
4963
1912
559
21067
27638
18364
23945
17956
30908
22439
4549
18277
27655
30013
30271
26132
28334
18009
20460
21168
27720
15133
3639
609
21155
6581
27840
12583
16415
19074
16207
25147
15028
25985
18373
13645
4568
3530
10145
24559
32641
14472
28721
16458
10232
8450
22540
21069
5746
15326
20641
10684
8162
7007
15989
23748
9574
8202
507
5933
28645
29308
18860
7832
29272
25253
6175
18284
16618
15508
5093
16215
12318
29661
9474
1248
16384
13625
17441
20027
16124
10161
30400
14178
4000
7217
13443
30010
2496
22774
32055
28720
24332
27683
21307
18853
10444
15959
26713
31733
25599
18933
5641
22930
100
158
8079
17304
22911
27621
7647
30948
15038
8063
32634
17702
29244
8328
5285
20517
9025
8596
32257
18998
9781
17874
20069
4583
7678
8699
16006
15686
25775
26975
32320
4414
21240
6872
11000
17724
1681
31597
23681
19115
8143
20101
15414
32057
16314
15238
14147
22883
5359
15392
27447
11310
17645
21355
17876
1995
32704
9310
408
6871
25089
10743
16824
25500
9316
24744
32569
23244
19946
18082
29800
17954
272
13042
9694
6679
16232
11249
18198
15075
25942
3055
28870
13002
14463
21335
28786
2632
32614
31001
3292
13930
8635
5329
8957
3247
12660
18700
17913
12169
28072
6005
31002
20260
17407
30544
7741
12340
10272
20095
30873
7942
16946
12056
2197
13206
27446
22460
4787
22855
15071
13424
9669
32603
947
28569
16032
22460
26276
1386
28342
27830
9670
11768
17897
21570
9599
17899
1938
14779
3514
10958
19591
298
26602
32507
5863
25026
12331
13161
30031
22774
24504
8124
31846
29817
3950
28152
27044
23257
26908
19587
19023
32668
18897
12680
16460
9893
8781
21456
30957
4095
7030
16118
14832
18719
32517
2254
27626
19654
21809
23667
8923
22843
23783
23942
25563
7945
16492
30007
9108
3347
24699
26689
14130
15558
27668
8083
29347
5113
16637
8373
1604
20350
27312
23415
23714
1250
22687
16402
973
18767
10535
32450
3681
5110
21174
13426
20765
16788
9469
29411
16620
23640
26586
24361
15048
25193
32431
27913
17496
26333
15286
16127
1386
17640
8066
9405
7265
24797
30239
27444
23362
6714
23418
28628
12902
31178
28685
17385
18674
5420
10845
21770
28556
27247
5465
4246
15916
23390
23084
4900
15851
26165
11754
4965
17082
32141
12743
13469
31477
3073
12324
2998
22150
29766
13886
25130
936
29685
22821
937
16741
31898
30976
15399
1739
18647
25209
17818
21826
664
5969
15465
16803
6442
13094
24657
10105
9141
5426
22113
23145
17181
21904
1781
25752
18540
29483
21875
18421
16064
7068
24270
796
25705
9035
1076
2304
11084
30019
8373
13377
25017
4129
28196
27907
5881
4911
20348
32264
13779
10252
7481
15346
24446
7992
27526
8609
26486
10891
29996
12027
19046
20315
9797
13821
17892
23907
10929
7605
19407
23434
14951
9548
19352
31818
5768
17286
29872
31709
5329
7118
17345
1059
28446
25745
24163
3067
18256
21320
32009
32712
26899
12688
24540
17649
24707
437
19714
17390
10623
8581
5756
31978
22311
6117
16221
11024
13970
19745
14115
8456
11759
16964
23665
18010
17747
24152
23162
5704
16550
8337
19082
13935
9907
27744
9111
26243
26309
7668
4651
20549
10203
18552
29127
24740
25796
24273
19457
2963
23209
10067
5954
2059
5352
14588
18056
1295
1330
20824
16324
15435
30021
5534
8333
22389
21695
22482
2019
10961
9132
9315
10214
21687
16423
14611
22045
28639
17696
25937
25432
16623
28332
8
25065
11395
10434
18409
4824
10616
16469
8001
16112
10627
21967
24231
7591
15073
6312
19572
1575
26288
26826
19816
15629
12365
3315
28384
11974
22374
28105
30994
14516
1716
23593
1129
6644
20497
2356
18763
25858
4506
5766
24566
11991
26098
21628
31361
11412
22405
4006
4004
11442
26228
8286
26944
5131
20843
18591
10884
31852
13289
23486
18414
19854
558
2069
7281
7322
24053
12044
22529
21845
13594
26090
31646
11153
11346
1395
10003
21835
3948
15879
424
22585
31919
31516
12037
20273
1137
17557
27821
7780
15585
5676
28693
30590
3246
29713
31026
12486
4444
579
12034
4871
27197
19030
12363
32170
13171
5183
5219
3727
10734
4464
10704
19219
22442
21873
1601
8570
18149
6284
11019
25340
32390
15479
22746
14130
13019
24079
18266
15927
20084
27371
9564
5115
