20856
27942
2048
9738
19281
10019
32685
29242
0
3777
26568
10978
12372
31517
217
2790
30619
22672
5816
13490
18293
13849
29064
18905
10347
612
3739
30661
7205
2165
3986
4951
29824
4162
12214
17912
6849
14105
16620
27295
17199
16542
6980
25326
2030
479
6831
25199
28612
23959
5247
18095
22144
5394
12040
26391
21080
20545
13633
12811
23116
7134
25269
5409
31791
25633
17145
4058
25984
16075
23348
12999
23490
4015
13619
18333
17843
21500
7271
12639
19920
31498
5527
30659
26807
22897
24201
12964
20440
19072
31073
16517
16801
5112
28321
29538
12153
23662
15798
28884
27701
7991
24705
22108
22854
18810
25862
21591
31171
25430
32450
19233
29644
8898
6777
1317
13421
2092
31304
11394
13310
563
12881
5181
2296
21516
18464
32711
3159
1160
32024
15237
3428
26403
17081
14587
655
14110
13173
20971
3319
26624
25553
23234
9236
709
18386
18515
13219
4527
15258
6924
31712
22922
27899
14202
19376
2632
22475
11788
6539
5445
2027
19428
6962
26163
8460
13091
18249
25197
996
8284
1786
25859
23663
26900
28179
23013
25656
12550
23443
16624
31269
7980
27507
3713
18612
18439
27116
30858
15884
26973
25784
16112
4223
30830
27249
19593
14827
14676
16653
3191
13395
13571
13201
19840
775
8670
2571
22489
21183
16135
4519
10248
2421
5428
4086
6062
21223
17226
4990
29754
18942
3953
28366
29054
23451
7034
3187
28555
26588
20685
16008
21524
31609
26763
29281
6604
8915
5318
3762
30316
29917
3273
30265
22461
2322
24564
28396
6897
20084
30640
21724
19045
15281
20242
12247
2118
29882
26273
18571
4219
2120
13723
28709
31009
20718
29050
31963
8521
4238
28844
4490
14145
11803
9389
15223
23298
1446
5921
9118
32658
21514
23846
29979
29737
17332
16673
21263
22367
26706
15604
7796
30376
31276
15795
9456
15497
26599
27134
5684
31613
2558
15339
21213
19683
25041
1338
28229
22717
12494
12722
28295
18441
13618
12326
2153
9692
17894
29551
29091
31150
24768
1834
1797
27274
11641
13901
705
25194
3983
20988
2990
8855
17788
32543
16904
23098
27941
23932
14058
10245
14115
15256
30727
19739
6727
31174
18567
15162
18100
9979
19182
4078
2484
10451
29037
1019
8624
18899
20462
13297
3731
19407
21430
8258
24627
28526
23059
9746
22962
886
14541
16335
5464
712
26130
14447
28453
32086
27751
4946
2014
9592
31100
13991
14792
3224
30059
18423
5643
13716
21071
8858
22066
19106
5494
6750
31064
3875
22510
19720
24608
5865
14005
3421
7448
6346
16795
25021
8228
6764
28415
2299
27092
25186
23446
22910
13001
559
12235
21974
8314
30761
8205
9672
19672
32095
4987
9274
20824
29020
4351
17439
23285
7370
30770
22047
6938
16509
11469
16256
9204
11300
12883
8369
28501
9947
24459
27419
32611
11379
20668
16964
29888
18642
25449
28499
26462
26639
31719
11266
13297
28797
13382
23107
698
28698
32540
13571
315
17581
29017
6334
10900
12456
314
2899
24372
12852
32687
30992
19727
6941
17192
20769
22197
21911
13017
28374
17562
24472
22512
17887
641
15437
25247
1920
5113
6580
24391
23229
13294
15926
4042
6774
20509
2288
24179
30782
1830
3703
20000
20707
32655
23661
19406
28381
6776
13736
1863
23706
12537
5057
26407
21870
4581
9223
6465
11173
26098
23543
20579
19382
31079
24349
904
1650
10038
23492
9415
25549
5798
25385
17775
5597
6993
2524
25464
5860
6571
13965
30789
19005
9612
10947
7069
17588
1281
14879
13288
26589
19401
25029
21996
13435
3901
9404
30305
203
5286
22498
23459
7470
14953
24539
27324
9954
9486
21311
16613
9387
31944
8232
11580
18819
21689
9877
18490
26175
2979
32538
12968
22220
12879
9107
30617
19741
20811
25409
17760
9061
17789
5688
1554
20556
27217
12959
20435
16973
22600
10844
30531
2571
18005
4459
13463
5729
23870
12818
10338
9649
2054
18660
5481
12160
8003
9150
16608
22296
20914
25801
19115
3231
31153
15466
27316
24569
3599
8520
7041
2247
11939
30206
15039
21222
1630
3527
12369
13081
15337
13217
