16783
23712
19790
5982
19766
32149
17909
8180
30875
30000
3222
14606
2412
12838
6108
5450
3854
27579
28674
31552
32761
31365
2829
9316
9267
24023
4328
17444
17526
12289
27444
10541
3728
12649
17573
3116
9424
3729
14622
8564
6198
22385
13835
20920
23293
23809
9527
18790
2600
11374
28444
25072
8590
26428
19191
13990
7220
31136
18824
2482
31672
31755
21923
5920
6297
20103
27643
6175
11241
9018
7023
30301
15966
24308
23273
26862
13004
31894
25236
85
14038
18439
23616
15574
16256
31029
18428
29604
25868
30051
13773
21917
24962
5480
7123
3320
5104
13667
5859
17277
5119
32461
8311
15330
18461
21167
6511
7192
10391
20281
32617
17950
4474
9889
15391
21422
9061
20971
24416
24843
26182
7676
11920
16738
23724
8289
16553
3106
26258
7528
16966
20240
6486
10068
4647
8056
3433
17666
19920
290
11178
26820
11703
27749
521
26552
28895
17933
15537
18560
30778
30494
24200
24644
27240
21400
28895
29790
9697
13974
26039
24766
26933
31050
3531
11973
28943
13104
26415
21073
7768
8129
5966
31802
905
32261
9512
18993
18167
6821
13596
11225
16523
31135
23843
22539
3686
24242
28133
17817
24066
8584
31611
11960
23795
16787
16905
20121
31797
11507
31079
1200
4414
10844
31229
19105
28151
1659
4871
17959
14854
16734
24088
28871
4634
24503
31687
8315
26358
25945
17920
26574
25608
10415
6304
23476
30938
11942
8444
29805
28516
4269
10815
11353
16911
9439
1313
18186
5881
26450
31481
10848
11954
22395
5650
13308
10974
26588
8979
2170
10105
3811
11528
10742
2250
24723
16814
30271
28138
1680
29188
966
11061
3079
29926
7340
11121
23165
21650
11496
11169
12877
20154
21527
5584
1649
5679
28041
515
15584
22333
22833
26188
14051
20378
30112
15652
19576
20844
31063
30496
6685
11828
110
16863
22463
3185
30230
12780
7220
16384
25900
21987
2523
8058
2603
3743
24272
4262
17201
732
8854
20206
3423
1184
834
32106
1253
17809
31609
18995
12257
29565
2557
17622
5310
10045
20105
921
4086
14872
3774
31688
1537
16762
10410
29441
29184
22879
16606
365
9884
1119
24648
8211
25000
24924
28168
10714
15925
3015
14845
3869
23619
10255
8002
18712
14145
32585
23450
3847
4915
17448
23726
13591
7260
10542
28231
8432
14875
5513
8703
26023
9534
19837
20236
16172
29759
10244
10378
26704
27910
184
4898
7421
10810
15852
14227
22441
2277
32103
27531
25261
22394
24610
154
13545
1860
25700
10327
7362
25853
24642
9328
4231
2100
20297
18034
14923
25726
29160
30261
13710
17355
3666
25407
5950
25868
26114
6737
30206
9588
21595
9431
24464
29719
13774
10722
14931
20009
26837
11892
7752
492
21983
7344
3229
26346
786
4178
15818
7717
28772
30828
9239
10239
3421
6068
11368
27569
803
11609
6110
15667
17382
2818
26135
828
604
22606
18919
26016
9141
18844
13649
10629
14015
3433
24058
28777
15089
6891
23244
27756
5384
20251
16677
17804
24396
25146
29580
22197
5527
19271
16055
2432
110
4318
18818
24891
13715
9400
7298
23198
8868
9950
9807
19399
26958
25402
19750
2827
15715
15533
13560
18330
2172
26729
18842
15164
31723
16014
52
26256
14720
32263
9802
2710
2781
10357
18987
807
13090
10866
31038
16255
25082
3769
26898
17448
5606
9001
5570
3743
22687
23248
30605
22152
30236
9029
23516
4086
26355
3807
3678
29507
29633
3942
27505
7938
22577
4177
27133
5450
21066
5325
13480
30845
3926
5338
30850
21071
17482
19741
3740
8533
32359
7922
6287
23699
21086
14042
20386
9178
31695
24715
29700
31408
19396
17174
27416
5891
1433
26795
13844
17453
22900
26314
1824
15117
30357
19980
23496
17091
11178
30698
27951
3369
14561
32377
26702
