3467
16944
21331
26585
26413
21686
6755
22308
28736
17064
23853
2978
4249
8439
4764
24488
31300
29925
6868
8466
30032
25092
27142
3790
932
2456
20413
15742
14178
28728
16259
5810
25170
18913
22808
5794
27123
17121
14785
25841
15807
20953
9328
16180
10580
18736
24339
4369
12670
8795
29236
9537
2469
32354
14396
6319
13656
16870
10929
21967
19171
18289
27032
25111
28629
10999
18637
20248
30359
20124
15335
28605
29842
8336
22899
20322
7068
17106
31453
21488
31464
23388
25159
2321
13289
16365
18170
13049
17662
7704
6132
7198
27040
1059
27050
28752
11806
25635
4064
19262
30673
7704
31520
17715
21916
3089
13414
21215
20570
30629
30852
1666
11351
30596
7986
24709
11217
27430
7025
16825
20373
7692
10147
9204
2878
4613
23385
11625
12027
31108
9010
32657
22565
12813
2415
18741
24874
8622
24135
30722
18959
10014
22261
7277
5024
26157
32172
18360
25590
30689
14343
18075
9193
11541
20143
20803
13224
19357
29554
29907
935
23773
25566
29068
31923
9429
19411
31997
20170
18383
5370
313
12591
30449
1483
21373
16896
428
20869
11709
10731
4256
5425
22134
8550
6389
18465
14806
11727
23835
28941
1982
14676
21834
24407
32601
21249
10490
17851
17439
28306
26615
30500
9959
29604
6029
4233
26859
9821
7141
2519
25066
31205
9791
21285
8505
26113
20388
16209
30904
31278
20056
31166
6696
17078
25541
17312
22071
4624
1451
23949
8244
21699
11563
22707
6561
20851
2004
5988
1430
10901
3938
20482
11800
25960
30581
27783
20365
10399
32656
23629
20506
22487
20628
12157
24488
24540
21057
2757
23104
320
19855
14720
30566
28558
11832
21932
77
12328
16035
30231
2141
17276
32655
18326
18837
20400
13507
10964
5307
2675
13547
28172
4681
28977
32386
7717
31802
1340
11150
14229
14823
8538
29443
4973
18508
12526
28963
27079
27455
28319
24887
6513
26029
13818
11398
26310
19069
22756
30258
13579
9061
4619
11332
16636
28894
20381
3117
22964
22648
6118
282
12971
1479
2033
31069
2416
22630
8565
14123
32217
31192
11304
25794
8046
24198
27702
7877
28809
30352
3347
7304
12193
3648
28693
1443
833
12904
20884
10473
21591
15467
12237
8230
29421
25361
27052
8830
29210
7664
32241
14591
15003
1143
6143
2180
448
16993
9186
9243
13930
16397
3405
5468
3303
7299
13626
3363
20450
15739
27335
27664
19002
8639
383
5254
29771
29133
28665
24969
18510
31298
27462
7848
5551
10921
6219
27467
18350
19068
9874
22421
29424
15426
30039
27262
20452
30539
17632
17797
21163
561
15668
19265
28394
17951
14676
1351
25536
1897
10779
23279
15000
14113
6100
7605
20741
32349
13692
8665
32471
18186
31092
12255
16598
8917
21424
14320
25284
15314
28002
20137
22686
14894
9050
11862
25857
5313
15872
4862
22070
6231
6351
1770
10165
9801
18717
22076
26216
6544
32581
29446
5549
17137
1535
10753
26328
5503
31880
9780
15737
13667
17036
27998
26713
11166
6272
11928
3046
32320
3171
8200
8350
17326
12094
9199
19446
11097
30494
15120
18563
19078
32511
25674
22298
26991
19934
1589
