6781
12821
8613
31474
22783
12819
693
19176
21414
15613
2479
7610
32386
2748
32732
27407
3758
8159
32717
11008
19075
31045
14685
11115
29966
32701
11080
21193
9978
25049
23385
32549
17146
15225
3714
13426
27868
7646
25979
9862
5585
17297
23797
15955
667
2057
6107
29402
11137
25271
19109
19260
25172
25369
10911
15701
4447
8779
26262
26245
26412
292
31569
30960
12429
2020
20910
27494
26061
7388
6157
11440
28970
836
23500
5710
17247
17172
20794
2463
14577
15614
18965
4246
4795
27187
16113
11612
26456
13797
25105
2203
16695
32559
13270
27991
18283
29778
29300
14295
9061
11587
7459
17059
26779
27967
11368
13080
27525
6818
3803
24418
11026
1595
8106
19212
3665
29361
16690
30180
28828
5266
21652
12396
3842
18806
24512
5362
28786
20575
21033
9799
22616
16320
31726
5309
15909
6800
3992
18962
21470
1386
20145
23368
5457
2606
19691
27650
15561
14553
7747
31938
26140
19062
17198
449
12427
12547
14359
4636
1534
24445
413
16187
19620
1866
14695
17816
1878
3368
11992
21478
31365
14405
18478
25196
11415
12214
31751
5808
12556
14495
28392
15449
17107
7795
3675
21405
9372
252
5213
8120
6812
12390
1023
17672
10091
24469
21354
27648
15137
7361
23869
19274
20443
18836
27566
8022
18834
23821
13868
595
23280
23315
13967
12292
17366
20277
13244
24405
16840
6356
28936
9892
2176
18669
3258
21761
14852
22892
9390
20238
27950
17898
19750
8217
28785
17123
12925
23159
8864
3741
11977
25492
13573
24473
13520
2788
32306
18293
8829
16896
20881
28045
18160
13065
11705
21271
26300
21954
24678
2541
29275
21967
19357
6456
8897
6135
849
20109
28346
24599
11352
795
13279
13254
11048
21069
9531
4789
18594
16442
20821
16995
4427
7000
14521
23669
23781
4026
18830
12694
27084
20648
24842
12657
16150
13544
5377
21660
22422
18326
31762
28610
29313
25201
30964
28323
11157
13723
24406
27724
25813
13770
30984
910
18872
8820
3513
1687
7891
15650
9403
22768
13733
21017
11055
26495
29507
30737
8431
6121
31076
5233
25863
5409
4151
14443
14686
16223
26220
31147
23209
18663
5908
4557
29260
14481
2900
30082
5937
3276
7513
22796
23126
19165
30963
12698
20408
6823
30771
24937
3534
19354
24454
7616
14576
1742
2819
12185
28045
23979
6557
25237
3304
5450
28230
28385
5228
18567
21671
31079
8721
13999
6678
11794
19568
28795
11159
5243
27811
6121
23710
17221
25419
8341
20254
666
30544
7834
19686
20718
16604
15140
20930
25747
10822
6550
10141
20217
179
22192
24396
18932
20633
1329
21617
31462
9610
17524
31956
11777
23727
10592
31885
23202
28843
21551
10942
17415
4204
21875
8582
31160
18555
24482
12862
26688
8284
17840
10711
4022
2480
696
416
9106
22100
3629
3866
25860
22308
8358
15891
19264
4334
27411
13996
12428
12574
521
4724
11939
24399
27238
22049
32306
1187
8880
28623
11273
32344
20827
11233
18228
1673
28259
20929
12407
13755
4885
30384
27745
29029
26045
32428
18850
27296
2046
31818
12894
31474
17274
11091
31966
4042
7841
21051
27131
7023
9005
16932
32523
25236
18435
10471
29566
1803
8692
4033
263
3748
13796
18556
12840
11464
5572
9176
32413
9791
1564
24069
18767
27919
8183
27862
3597
12036
19461
13132
24803
9042
22318
30966
21389
17884
29192
4999
6096
14702
32488
20350
22360
4236
10836
8032
8400
23729
4173
5279
31355
1240
28502
20691
28588
1124
29601
15824
25263
27683
10336
21143
1189
1117
18387
26450
6224
7325
29123
12940
10582
30061
4185
20327
2573
22625
7326
6106
20934
20969
28378
2420
13357
5791
23608
26833
19276
14074
10275
9000
8158
28120
5846
14738
31045
14003
24543
25793
19056
19562
28991
19227
27550
31331
20045
6268
26492
11474
30550
22662
28166
27276
10060
28664
14661
8264
18079
11262
21249
26795
1048
22306
7534
13745
24102
7570
27704
11660
31722
18113
12794
17667
12146
29064
10207
17779
31061
31985
25907
28756
21698
22040
11474
22358
20544
11622
28150
17706
15968
28941
10951
16278
372
4894
26607
2762
15773
31763
1252
21333
525
25648
6440
13141
26821
