23638
20947
8048
10395
6086
7198
25631
17145
10284
11962
32244
28265
28621
7198
10783
16959
1133
31195
17301
20753
10645
23098
28320
798
5273
5419
21014
15963
31072
12590
28716
15572
3723
25362
19383
28666
12633
17347
8163
14296
5009
14880
30375
14987
17587
4748
16245
681
6971
27776
19878
5894
1481
10893
32016
12411
32009
24450
11797
4761
29450
8543
11000
1568
12539
16861
67
13192
23065
19205
5279
19162
3541
7256
307
20931
1968
7927
23910
20134
16798
8080
12331
2635
22776
26323
32266
28133
16021
6998
18248
674
9945
4284
8042
4319
23963
9395
16239
25048
5
27602
28457
32206
6905
12571
20523
6818
19631
24405
31203
22763
32335
6512
16595
3725
16957
9423
9046
22742
10388
1417
2817
7128
21436
20865
22932
22946
5671
9574
20209
30550
385
2596
10416
31759
10439
31629
7390
24816
16877
32333
16045
18705
22539
2129
13568
3346
11165
7370
9046
5897
15404
4182
3374
3404
21171
18329
29758
31085
17950
16714
7762
30869
11954
25364
1157
6847
17638
27418
26673
29672
1376
5399
30215
19414
24696
20382
12374
24865
31601
11647
26910
17246
31877
27787
15605
10455
31883
18867
19938
18343
7719
3266
24075
19037
13292
14495
9042
2220
11114
4304
14471
25986
17549
1642
207
5896
30623
29213
32218
15233
12108
7212
30413
6326
1871
7523
9720
8628
14678
14280
12084
5576
9293
12522
13831
22961
29927
28013
23273
26514
30276
3050
15738
6991
25245
29282
28694
7080
24343
12971
30896
26003
24935
27402
16998
20601
16270
1381
15574
7012
23694
24090
7085
31074
21983
8233
7905
27274
25017
4480
6276
11436
5299
25537
8574
27968
14546
23274
12634
15907
26092
10996
26628
22710
13213
4434
27246
32700
3668
2929
11427
23813
13074
12136
32531
19313
28098
28668
18160
25945
7292
8049
1393
26279
30195
25107
4471
27369
15869
4470
893
11213
22686
23805
22527
18297
90
10936
26949
21201
830
24102
17919
5791
10786
22380
10918
24338
13402
2848
5597
5412
2125
4942
14946
17517
10007
27635
6763
4155
27984
5277
29889
8127
20355
4075
3065
18055
20660
26430
1970
30347
26401
31748
14675
31782
30714
26704
13127
18585
11365
26187
16211
31994
8828
18892
12298
12866
25057
6236
30709
11945
2330
2782
3575
18758
32243
24047
6197
29184
6906
21309
10230
20657
13018
28930
15272
26
16218
7323
1292
28132
5971
13447
19048
21901
5881
26694
11618
14156
31133
10654
23865
19886
27077
26809
12302
29675
339
13623
18941
648
26869
23140
28025
32355
11272
29409
4354
22809
17549
27023
26922
16093
10004
26827
31468
8168
2879
11102
22221
87
7287
21473
23315
20960
16759
6245
21007
3687
20983
15803
7768
29986
26326
25360
29871
2941
3832
5376
16163
25309
4617
30343
28085
11463
23473
11277
11003
24152
10866
18629
28761
23317
1505
25525
9795
22652
11184
16954
15821
7043
29479
361
11204
6533
20343
17400
22832
3989
24963
288
7247
27889
27773
22177
12125
9264
4422
1490
10657
16334
24917
27086
6397
3697
3696
27971
30502
17036
21011
21519
23545
22227
30901
276
9554
14443
18260
23356
7589
23449
29424
23750
31662
20639
19085
14000
6452
30643
31835
22589
20897
20066
22118
28346
29545
26428
12337
32289
25461
4479
14595
12945
16646
24764
25508
11856
23215
17178
24244
17863
4101
11635
17102
14993
21478
30178
24030
15522
30112
8856
5212
25424
21199
2892
27228
25154
13240
4930
31946
24141
9472
20910
17358
31361
16820
28333
7142
28694
12158
21936
717
30438
10013
20628
3828
9354
30616
12060
21997
18971
15914
30962
7999
13786
28169
15508
8205
5010
26792
8727
20233
12002
13754
27759
2381
5095
27017
16179
31166
11083
31571
4059
17796
23272
8464
3413
26958
31579
26765
14772
12729
15498
9268
974
27565
8395
7745
4896
24388
32670
24720
1727
18702
5713
17802
16915
20700
458
9156
25830
22559
24664
12607
26802
16782
24234
9237
13193
27481
25055
19457
27637
19035
12186
27077
16768
30518
10291
9574
11776
15162
7266
20771
19424
11485
10818
20225
5240
18730
2223
13150
20413
1468
26115
21018
3407
12858
20343
16363
22299
29138
29388
15446
2197
18419
7729
32379
19964
16694
6156
30637
17543
302
5846
1689
20127
29120
6560
6942
27202
28193
32373
28272
18172
193
26698
30692
15514
2814
12789
26505
6717
22726
24693
12705
29123
450
7350
4627
27223
27795
12477
9011
7217
14010
30064
31677
22003
6161
27589
3494
14728
25681
27062
28260
32512
2287
3596
25292
30571
32511
16312
21021
29495
28653
30144
100
6385
21203
14196
20186
19336
401
18457
21680
4781
19741
21375
15131
20741
28323
25968
27312
15864
13250
30635
13323
2623
28927
31893
3493
26958
10843
26559
21271
7020
21020
31228
13241
18926
9027
7808
22840
21650
187
28210
16320
1267
29937
30199
5852
21515
24533
27582
22770
27105
14678
7834
2230
21434
23791
28447
1664
7420
21861
9276
26272
10223
9076
928
21909
30453
15
23418
30361
21618
18379
22738
14495
1499
15816
26547
18724
9882
19964
25221
8873
7924
11087
22458
31004
12754
7087
6168
2103
20887
31594
26712
26707
30037
27988
32531
7807
11924
28969
7027
31764
2771
16148
31528
205
6529
29834
13201
23036
27005
12174
6651
27887
13836
480
32627
30961
28097
9207
29789
17178
11184
27039
709
19093
20256
22702
32640
8927
17045
2894
4950
32323
21703
27247
7268
20377
17558
31970
27603
2478
13963
4445
31466
8557
22658
1153
17761
4897
7782
246
6769
4959
21865
8712
