17663
21999
12917
22962
10952
30886
26140
21271
1584
13830
10771
9194
8974
12771
20787
25247
31400
14438
21631
10733
16654
23361
10815
22432
5616
12118
434
32299
21694
30527
16544
12589
15929
27295
10078
22727
26000
6875
22563
18207
26313
16369
6533
11868
5585
21248
10658
11509
6438
13772
11664
5799
4881
5838
15048
1970
25399
3999
3561
28311
30729
1555
24788
31566
3103
16662
20283
7463
7803
30645
26273
14808
21823
14777
19101
15812
20666
23027
5104
32197
32365
11377
2932
18467
13333
630
13878
16431
26991
14769
8348
14787
26925
3628
15509
18637
3930
30375
632
6398
15988
11358
19267
18967
20483
6778
11845
25223
23633
20760
28588
9485
10052
27005
2553
21266
26135
17122
6186
3668
5100
16223
32690
5734
913
618
16218
16628
3912
30063
26461
12619
22248
29313
22116
8118
21770
20853
20240
32707
24819
14376
27712
31003
7081
23378
20136
13775
23945
19534
1754
12585
11403
20722
19211
25770
17541
15823
12084
28874
13963
2338
1871
1836
5254
23785
7603
3307
31765
9752
15925
14614
12831
28555
21247
6696
22539
9848
12137
10190
12146
29324
25269
31194
12703
28989
14886
12631
15758
25266
10654
704
4206
14462
27602
2708
28446
27203
6491
23965
1764
20297
20055
14490
13896
3640
14797
31610
31937
21221
8857
788
10149
20724
32650
17491
18651
15833
28691
13023
24010
15844
21800
22420
30706
31495
3852
10643
17656
20556
24982
22122
7393
12638
30687
9358
6802
15504
21549
4866
2698
3212
25347
11879
27354
30656
9015
15229
3515
19365
5980
25285
23644
17179
10402
9166
3342
14748
10902
10479
20815
27453
11356
8858
18601
5631
19867
29301
17287
2273
9617
9261
21241
2721
14307
25788
5155
10623
21585
21521
22209
15543
32302
8910
28229
25875
30984
15002
8337
17539
15055
22225
22497
3909
1197
15188
12344
27440
22979
9780
23460
22436
13484
6029
12371
17500
31851
18572
3743
10111
21593
244
5054
29936
19593
31606
21647
1542
30195
1325
918
18572
20006
9016
21751
10341
9132
4185
19360
27789
2476
25718
26299
399
23836
15956
10892
26980
30696
18097
15592
1434
26334
20677
11741
19532
12663
5680
16963
17602
6718
19567
20367
30309
11281
13843
12660
22518
14915
4548
7947
19530
11984
30483
4902
20391
22188
2468
24267
27408
17116
29531
3960
23099
26682
26085
8834
12498
11195
28730
6968
24277
5733
21131
306
29618
27664
16704
546
19341
3988
16806
21200
14204
24767
5896
12383
28554
28296
31863
17107
11698
5489
28950
22247
3382
5332
22692
25962
22845
4319
23057
21361
3477
30489
19171
6192
22075
316
21160
19088
10989
29771
26627
25728
7211
22504
26153
24364
119
31368
21155
18480
31791
16666
23382
24140
23201
22423
28619
21598
28103
24449
14799
17255
31455
17431
13626
11279
4379
3267
6380
23873
30956
11631
1174
12598
20051
13105
2858
1521
16146
24443
15486
9424
5187
14655
10135
14233
21946
4279
636
12534
17250
3231
10052
29839
11390
3498
18498
1800
9674
2195
15571
21768
18572
25535
14662
15794
29946
15797
23553
31486
18993
21263
23389
20589
6310
6077
32435
14580
9965
6105
21010
27886
4876
7545
11582
23506
26671
2989
5435
30981
7238
22630
23307
