9109
16892
13348
7666
15813
10372
24286
2331
2396
19345
22189
2838
6992
20069
19339
25867
22621
13689
1998
26073
19381
31011
14110
11718
27299
15463
5524
606
4998
27205
24141
21702
29084
23238
18416
2
3191
6859
16878
14523
24929
17835
9789
19559
29628
22811
2075
6283
11057
26510
17789
10137
9464
28560
25763
7563
13463
9021
9726
19401
12711
27479
395
25126
31392
24242
13928
18383
32183
13175
3897
11202
15255
21823
5533
26015
29985
7317
28204
29231
22115
16319
11856
17682
15716
15351
15877
1948
4003
18619
23968
32210
2651
30871
19144
15315
32392
7123
16867
32322
14655
12356
9488
16037
21960
25988
8640
32350
10409
17534
2371
18449
11146
20198
26714
3486
14090
14084
5804
19638
32125
8281
9878
12429
26159
2920
26905
19306
7326
32
28761
13783
1778
21009
29170
7451
10929
30770
14451
3428
22167
5915
16554
22745
19899
20254
5344
7305
26184
27275
10991
9561
14949
10919
27972
21780
2723
16165
31649
18230
27575
32102
23055
32574
18509
27107
27059
30868
19079
14399
4040
7980
4868
7601
4960
1456
11006
28760
29365
13050
18315
26445
106
12412
7211
3775
13817
30833
30082
12376
16499
11468
18677
18682
23895
11799
27578
21583
30076
28527
7059
21227
9918
1122
7408
24111
14274
8195
5210
21748
14248
25135
22232
20630
28522
19856
1470
13399
15380
11378
24846
3969
15095
3206
20155
16781
8936
863
7669
3248
16289
24143
15997
25639
3513
18900
24776
32390
3778
6797
17715
21411
32100
1901
5512
21580
46
25895
185
5235
25038
29619
20584
6664
7914
1580
25322
22536
3879
24903
18876
6502
12648
23607
8421
6399
15468
16970
3767
22753
4625
29935
9583
21804
2572
14598
3086
32020
21559
28783
11251
23851
20100
16374
3611
9106
11237
30860
16979
10081
18738
13488
29517
13277
29582
32734
4559
3755
29018
443
12175
9472
26527
12938
1290
6204
31971
19989
1097
28004
28410
6624
16787
846
14409
5250
17940
28936
16478
14143
9185
20887
31487
23206
23370
26875
24988
25756
25996
16976
405
31429
19608
26326
22322
7977
10128
5096
29067
3661
13350
25847
3878
31539
18170
20379
28153
20521
26910
21782
339
3742
8191
32003
4981
6899
972
26809
11967
31714
1375
26255
17729
27421
26723
21562
9932
10993
20584
28766
31246
3215
24390
13553
19315
31389
7520
17268
25407
25914
4227
5932
24145
30832
10633
14858
21013
4089
20395
9571
24663
6120
31151
4380
30522
16020
14442
14734
2251
31515
22448
15937
28867
15714
16152
17828
32147
31937
2957
5792
26063
12234
7408
3302
14453
10364
20392
4422
27627
32752
3924
5695
11619
13797
5113
20016
15619
14767
10671
4161
29406
28610
23576
13526
4150
24494
10233
2779
27450
19478
5600
24595
4605
18919
17261
26266
11375
32226
11627
8088
29084
3845
20505
27949
19787
16819
9100
1769
24052
31743
24485
29758
25530
9667
10274
18703
3710
30752
31805
22661
5877
32139
29013
24393
19047
7775
23239
100
18182
32392
25780
27681
1078
32687
12478
11037
19241
8571
4444
4744
24792
13667
8879
17392
20468
19915
429
7029
26480
22123
27762
23122
13
27368
12215
17399
4163
13027
23052
14187
16559
5903
31962
29157
17338
20478
5773
26113
14190
10226
4175
31459
16610
28210
21623
32269
17809
4669
7370
31899
2708
16576
15875
18072
32064
24086
3378
17535
30359
30858
11060
15125
19186
25068
72
11309
31529
19118
12910
21539
11327
23028
4761
7831
6030
13259
9022
9268
28120
23571
15268
18070
12178
9246
1492
23382
8311
8387
8281
28899
8421
4132
27497
27666
43
4948
29310
21880
9079
31166
11718
12952
5017
30183
29614
28990
14484
7874
23576
25749
5426
23317
28491
20725
1181
5822
28156
19798
31952
28025
18721
6467
15541
12865
16118
28414
18181
3071
31259
18178
11561
29566
4425
13104
7500
20557
14458
21620
9498
32124
15087
22067
25265
32126
14751
29196
9108
26157
19261
29389
26179
11164
30746
27571
20932
6160
12540
18859
15522
15024
12281
4817
5135
22369
7845
9686
30153
9345
31013
17100
9929
26953
887
2658
5924
12485
12940
25212
1910
4463
21900
28450
8044
28363
22370
15801
8206
24525
4347
21693
24708
13783
29989
28154
1504
27670
3136
7814
10017
976
2189
30233
29662
30171
19326
30207
32102
10137
24400
23149
9487
23562
20134
589
5459
6186
8042
31954
30053
6831
7136
27705
22654
9747
27364
21463
26379
12574
12738
5373
6874
16189
1102
13168
27056
19808
20124
31360
7422
12111
9564
25355
16245
26345
20907
11026
18812
6698
19014
20535
205
16426
5279
32022
18716
14755
14940
11448
11417
3112
8917
5048
753
8319
12521
2344
19715
20932
11836
31621
9956
15286
8805
231
23152
15845
807
17854
31901
24414
5101
9664
27715
26068
18165
13818
14180
22405
10915
8869
15029
29563
18597
7934
29086
12130
6415
2862
13748
31627
29939
4274
28215
23114
20074
3036
19960
31556
14559
16029
17811
28888
26607
30090
24424
24337
14049
25254
7185
27021
14379
2946
11423
21368
11936
16516
21297
31593
23267
1473
853
32116
8591
13633
29951
20369
8202
21711
24986
6119
1389
4321
2427
17030
9059
28511
23898
24338
27234
8783
18904
4163
20925
29480
19469
19024
23751
29353
1240
25055
11150
11606
22871
1740
29973
8324
22932
15489
5871
23541
16313
26748
5723
17866
32051
23620
4767
8201
7725
31878
16780
13436
4764
12888
27886
5376
2887
27330
9220
14567
17776
23796
14962
27652
22744
31484
23415
3565
5806
10880
13533
14421
13944
10061
22326
5471
27066
15926
15471
958
13284
8876
2638
6534
6617
15978
11715
9267
5020
3045
5350
21031
5396
21596
3016
3517
19110
8988
2333
8154
5593
12077
17596
