32168
23154
31529
24727
27729
13675
22986
28450
27320
3825
22154
23619
4787
25006
26480
2917
18358
25870
17140
24670
8025
11496
22469
26056
5622
10281
12176
20051
23071
23443
3893
26971
18874
15090
25654
25201
17421
10946
26124
23347
8152
20161
19251
20780
30336
28555
27999
13646
4204
18743
18212
23645
7145
32691
23312
21011
22712
24683
21256
3408
530
12448
18541
25874
8224
29703
29807
30037
13251
8603
7438
28076
12375
4545
18504
2529
4940
22392
20453
16303
8109
26766
29088
20105
8573
15259
22525
27363
32190
14829
2927
23395
22145
26837
6710
28404
28
2594
17713
23494
29214
19778
3193
21090
29099
742
19961
9575
22913
12770
26943
29681
11120
10831
19169
6041
28075
25103
18524
22770
11434
16122
10489
12731
31855
29028
32430
13670
6743
9858
4119
10029
23330
12150
6866
75
17513
21577
26649
11436
17615
15706
19909
12167
8359
14517
7723
10960
27789
9145
4998
23432
30586
4846
19646
24345
16323
17197
4240
17521
26464
221
4621
11953
11077
31382
21738
21659
2289
20292
8974
1495
31943
2835
7223
31233
4068
10791
30320
12654
9776
26114
20439
3020
32217
25793
24060
19413
29606
2354
16450
22909
13476
24814
4537
29588
1607
19497
17242
10162
24591
10738
18729
3417
14257
11288
15318
19958
5456
28645
9815
17205
7643
25212
15674
10227
30006
21463
23026
5565
4424
2045
30208
7129
8432
28917
4386
7008
19927
31152
15839
31334
11708
10654
30513
26572
19083
21286
659
30354
20749
12757
20845
20224
24639
13112
32276
23926
17517
29844
27165
6375
5393
7587
5438
3845
23282
24030
11893
3973
16440
26849
24306
18308
399
1546
12405
5855
22752
2074
9666
12066
18476
480
5130
29473
3546
8630
4689
17135
15986
11395
7800
28246
20140
19102
4411
6895
19890
24235
5021
5731
21423
17551
3464
9605
20359
27335
30601
23702
30787
6304
26542
27554
1933
19574
3266
22520
30596
24560
3295
30931
18319
16694
28171
20891
28930
29520
22690
12013
2978
5928
15475
877
19689
13469
18167
26954
9608
18997
28660
12368
5153
27681
196
23090
9888
5790
28955
14741
24242
8559
2947
2518
4274
29177
14630
14633
15230
3222
10313
3329
5567
3368
11752
11648
1592
10406
138
29637
9776
20289
3370
829
14588
5789
31854
29109
25657
29129
5024
12459
7202
16837
26382
7452
15464
11314
9451
29624
17009
14191
3298
7444
23542
17682
4853
28094
30387
20454
27949
9932
31130
14298
10659
19541
14080
16326
3868
32106
12689
24401
6526
4600
15463
1920
8579
20323
12424
14947
23972
4001
25856
24683
24930
25532
13406
4608
32314
8380
16322
20276
18850
7828
16806
5754
31429
19822
26791
8877
8281
26703
23035
16692
16861
31518
29232
7697
5890
32322
2320
29846
21684
3447
16824
2974
25451
14064
5568
25394
11493
23386
10491
18989
19367
27350
4432
26518
11895
20948
4902
16908
13735
7990
3917
26575
26967
1415
12750
26642
13658
27451
12058
9011
15591
6428
10631
23284
8264
23532
6741
23153
6392
2976
28333
16836
16342
915
4440
2912
13522
18150
3634
11000
4179
26894
436
15703
20353
2049
14451
10202
13171
14882
10030
153
3872
20701
19337
7726
5643
23260
31646
31295
21278
14252
25530
19901
12380
6434
29024
13882
28488
8943
14196
5556
28737
32254
19076
4256
15214
28725
23657
615
2684
7356
8487
18664
13056
21524
31705
26270
20885
23508
6034
21380
14885
26994
9896
15249
28272
4034
10402
6442
8895
29722
20259
10156
29769
20007
26685
28414
17334
23672
8282
13167
19277
1918
13006
8618
1775
3235
7175
25753
15358
7980
9304
31824
26772
8925
11968
6257
24471
10251
30120
13853
1438
7121
22059
30402
20479
14323
27105
4339
1757
8054
25535
14148
6700
11040
22510
20953
22102
1624
28407
21413
26828
845
23408
1183
5010
16453
1300
29280
3967
1233
8715
7340
27335
4384
28899
10712
17539
17780
16966
19179
31644
29040
10320
25444
13985
19083
32720
1391
30442
9569
7269
16548
31705
3106
28620
1508
16429
28773
5558
5580
13822
18680
22719
8745
32375
1736
24349
9499
23318
3129
24287
6290
32346
3122
23891
6965
20041
32025
19677
