8831
20707
16387
1257
25402
31487
6786
16073
31380
11480
2786
32234
20658
24715
27263
28086
18339
11570
8041
24040
13136
11754
10395
6999
2271
26192
15671
16398
11515
9873
22735
27739
17150
23815
7229
24854
19185
22595
30279
18785
31339
25363
8986
6302
5519
31352
21533
32246
30215
9479
19222
7138
16391
2378
3181
3166
18572
2247
10632
4344
377
18241
23659
24784
8113
4805
18304
530
19917
1262
14408
7747
13016
1269
378
24771
28913
20550
14592
24907
30330
12648
7003
16796
20744
23149
15261
22995
15752
11586
7940
924
3260
8677
10426
25214
11970
11889
24479
27234
26753
10881
27356
19665
29636
4141
16288
27215
29915
20477
30264
17441
16369
20720
30157
9582
21946
15878
844
3868
25042
17806
15753
24756
28282
6893
9985
114
2013
19706
2107
16583
18882
27145
2872
22031
24452
10694
15992
31898
30116
5038
28835
712
19036
15045
21921
28771
13992
23260
15241
2967
22823
30511
19546
12713
27301
29970
21917
14228
32021
24743
23505
22795
13242
4386
24824
16097
936
27967
7811
20373
19967
14315
20923
8132
16833
26579
25186
17337
2119
29992
11396
6484
14807
29968
9898
16115
18392
13145
32389
3310
8990
1969
13589
9187
18326
24399
16308
20180
11204
14549
3339
9617
30338
31016
11052
17235
583
19837
27853
10951
2751
17851
26419
17804
12268
1857
1061
16728
32355
15002
14465
10344
24365
2176
2683
2955
17126
1876
25655
25121
3546
19284
18923
13204
19201
20865
19699
28062
19267
28655
19174
4389
720
29170
16085
13793
3116
21073
18098
30251
19396
14035
32418
1030
26746
15172
2205
18240
18755
21677
16408
16412
6427
14924
15374
6357
18401
15080
22421
17781
11315
25666
32470
14363
21721
11438
18451
9069
5760
1291
2657
13293
22472
6792
3383
28897
27014
16242
369
7399
12623
9317
19085
20695
17234
5978
29736
3729
19291
25857
23899
21182
12157
26982
13040
20149
27200
24749
138
2014
3841
31742
14968
14077
6358
27882
30421
5275
4708
19187
4515
2674
13124
8460
14357
23306
20965
25196
4412
24111
7401
23556
31642
23535
8701
22709
5900
6925
2210
20435
3826
7424
32251
12911
18734
29548
22188
10249
23381
12586
28527
7037
1009
12457
27619
25057
5818
25724
7268
32063
8727
11950
3160
30894
19290
23761
20831
26670
31707
3174
9421
23447
18827
7519
25403
655
8036
18422
19942
17199
24847
18155
21307
23726
9153
24336
18871
7165
152
18541
226
5129
17436
13765
7789
14837
28511
22338
8643
8842
5650
245
29000
10771
6841
1331
19233
28789
4475
29541
12816
18566
24950
25523
14314
9633
23972
2748
15175
21345
2799
5835
12701
29644
3692
17595
25082
16045
16742
20203
1976
3295
23387
3606
26396
30627
27976
18905
24505
21494
25721
4380
18299
16876
9269
19497
412
12205
11893
23075
23166
17038
3266
25643
1887
23880
11521
32487
4742
32524
32606
25204
24246
25579
24493
26784
23382
14105
26443
6305
4973
16774
30063
21106
5590
26238
30648
32759
10675
17737
19437
27335
12525
8650
9045
7442
19346
6806
9355
4773
7426
29517
7956
9728
7831
25121
15064
766
25944
12214
15943
4862
14554
2866
24126
31570
651
2906
198
11135
11676
26646
23722
24315
1207
12636
13514
8961
24296
29333
6017
20363
31277
3543
17882
30846
10541
15818
23637
1735
5285
7312
29758
12407
8292
20066
5678
8203
27893
18038
10205
11374
4892
10846
32137
4624
17343
5760
22953
12465
30755
16855
5867
12655
24898
1833
9230
26018
13786
10871
26793
22677
711
20519
1578
20021
29944
3355
15281
4809
2313
23013
7334
32432
15492
9246
1808
19567
16285
23510
17579
2984
27711
21762
8478
30369
10036
3640
24469
12301
