29819
22648
19464
4706
15654
6104
4327
22564
3661
22279
22022
13660
9157
22625
22705
25875
25843
7448
26885
10790
3851
15397
27135
14585
24067
10770
5292
24042
11955
7792
24948
996
8597
22727
19761
6531
13375
7699
22898
17679
32108
19119
8060
13362
4585
32213
6383
11578
10348
30671
2799
1247
27519
1040
15156
4837
30275
5561
10186
22523
9393
29480
8780
30961
6522
18603
11445
8501
6570
10733
489
2412
6434
23482
9376
32746
31096
9949
7492
16329
9801
26634
13179
28924
1568
275
6644
310
20751
25258
21279
4124
14759
2246
24986
6840
24251
30677
2212
14881
10692
31223
12691
10909
32732
26983
24314
15285
32398
27160
31156
2171
14080
9255
1162
17933
5373
7509
28787
25541
14997
16402
3415
11494
17206
19226
23064
12979
25898
18759
19873
17133
8921
15619
9549
15280
28504
7530
6909
10190
8895
11096
30465
677
32153
3285
6362
3983
19864
24933
11253
23967
23018
3648
15589
26404
23057
11908
14539
1637
15321
17851
5461
20995
4838
7492
30878
1426
30147
17307
5556
18284
23041
16726
13395
30546
31943
28641
20258
506
6225
925
20085
3145
6673
18248
11179
27701
6472
2928
4986
3150
334
26705
