1368
16774
21879
24305
11291
19832
23339
27043
1157
6331
32206
24126
3712
6586
10926
6241
28931
22553
10457
6605
17076
20270
4350
22803
1088
12087
22141
606
15523
1799
3468
26173
31869
20580
15510
1157
3291
19705
453
1882
25343
21792
17376
14952
13491
27255
27862
31455
12980
14918
18162
16170
27930
1867
31896
28820
27757
30724
9786
19365
4201
3519
30253
28563
14007
31605
10988
16535
5223
31608
14079
9368
23257
6849
11155
23940
2148
3804
27240
31032
8070
14505
21000
4486
28019
4607
30564
12001
8053
17492
4035
17210
18650
11146
13955
9422
23336
24256
18894
26758
16663
24145
1479
24823
12625
3645
12129
14219
11851
21035
18385
4375
26169
11424
27075
16391
1200
27629
6042
17815
9450
21121
2731
8823
32502
31131
29579
24895
16554
29866
1234
23887
25159
3562
6821
17414
14912
30996
22866
28122
6937
13397
5772
31035
19642
1198
25655
18419
10589
10548
20043
12472
1690
20990
27607
8043
19128
11770
27724
8699
17386
9499
10959
5345
31196
30033
9693
15543
32504
12085
18399
32597
6592
4760
1425
20787
213
1632
3449
4989
24783
20799
23121
13837
16436
24548
25817
25046
7620
16003
24418
9763
31143
9516
10414
1155
27202
2233
11878
15169
15265
21650
30432
16734
22502
18225
12765
21784
648
29261
24180
16588
27154
20952
31971
32035
19378
29332
29444
8532
13551
3186
30268
13568
10359
26018
18602
12816
1512
18551
23116
29954
31054
23726
23532
25059
11561
20291
8297
8440
9091
21141
14460
27004
12446
1164
19810
9456
21578
9835
669
1734
12648
6663
19056
10722
16155
21421
23119
11252
6788
6869
28264
30832
27608
23546
20077
9404
2488
22152
11873
4835
10576
8904
25520
1745
21247
8719
8314
29849
5306
2754
25627
27196
7278
153
3167
4870
11301
2284
2445
21308
12554
3899
23795
32734
30560
24346
28163
21214
25671
6999
6675
32001
28168
5842
31053
3705
24183
25733
5552
1858
22944
15938
14863
1992
8627
25828
12789
30878
27297
22973
2261
3240
16632
2580
12020
20271
16441
4977
30913
13950
26671
22089
2541
3699
30140
28878
30110
21429
25376
15179
23353
2066
14220
32586
9019
9700
20101
7067
30264
32098
14429
20397
24612
2981
3648
17210
8244
10723
15457
11186
8679
5757
11520
32320
15939
4340
20099
30595
21889
28413
28435
6546
14517
14781
10949
21384
14718
28600
7298
23173
7541
20536
27628
7085
16481
11087
11675
20503
18761
2194
27495
188
5898
20049
29592
28525
15515
20070
17555
48
24638
19922
1935
25646
9294
6364
13488
14344
3796
14459
30639
12250
19720
11639
3483
32209
12728
26428
15532
2160
26140
65
14336
26982
25916
1903
16195
27086
21476
6830
12864
14652
31451
21890
26049
2441
14210
5367
10789
2267
21935
21124
16188
19077
3929
7253
8022
26410
18105
6563
12297
5620
799
14614
19319
6275
20638
8142
12086
15940
31996
21590
18216
3352
10010
23430
25599
20472
21789
10587
885
21719
30374
10815
15867
24869
15228
29070
11151
21412
16804
21998
5685
27344
12755
25482
24579
28657
28088
27026
25189
14025
21821
808
29013
10065
1737
17941
12121
25276
31749
28621
5791
21496
18051
22875
28515
8641
18470
8782
29877
19530
24288
29974
14950
25504
13438
7968
3091
30989
13681
25159
19616
18421
1415
29555
24940
11289
1726
17054
32749
930
22984
1198
11492
21841
2655
29931
28266
7247
21929
5501
888
27924
15529
4051
13522
5095
8820
1644
16228
17987
31670
13107
12844
20312
18401
15321
30087
20265
22953
3156
1321
28751
12168
22938
26222
9229
9101
1816
15314
9810
23905
8150
5098
14543
26962
25231
22109
8641
31579
18745
1213
9284
7455
30536
13635
32225
11615
26469
30059
6179
10231
29520
32566
13721
2191
5749
32055
16679
30021
27637
24439
10778
4234
7660
29986
24718
21508
26894
22029
7268
28028
25765
5401
18993
21808
12843
1158
10041
5679
6583
25262
24373
13577
30324
